
__start_poorten
map0 1 1
__einde_poorten

__start_terrein
1111111111111111111111111111
1000000000000000000000000001
1000000000000000000000000001
1000000000000000000000000001
1000000000000000000000000001
1000000000000000000000000001
1000000000000000000000000001
1000000000000000000000000001
1000000000000000000000000001
1000000000000000000000000001
1000000000000000000000000001
1000000000000000000000000001
1000000000000000000000000001
1000000000000000000000000001
1000000000000000000000000001
1000000000000000000000000001
1000000000000000000000000001
1000000000000000000000000001
1000000000000000000000000001
1000000000000000000000000001
1000000000000000000000000001
1000000000000000000000000001
1000000000000000000000000001
1000000000000000000000000001
1000000000000000000000000001
1000000000000000000000000001
1000000000000000000000000001
1111111111111111111111111111
__einde_terrein

__start_eigenschappen
1111111111111111111111111111
1000000000000000000000000001
1000000000000000000000000001
1000000000000000000000000001
100000000000000000000000a001
1000000000000000000000000001
1000000000000000000000000001
1000000000000000000000000001
1000000000000000000000000001
1000000000000000000000000001
1000000000000000000000000001
1000000000000000000000000001
1000000000000000000000000001
1000000000000000000000000001
1000000000000000000000000001
1000000000000000000000000001
1000000000000000000000000001
1000000000000000000000000001
1000000000000000000000000001
1000000000000000000000000001
1000000000000000000000000001
1000000000000000000000000001
1000000000000000000000000001
1000000000000000000000000001
1000000000000000000000000001
1000000000000000000000000001
1000000000000000000000000001
1111111111111111111111111111
__einde_eigenschappen
